hcpsc_id	snomed_id
2617470	4145308
2617471	4145308
2617472	4145308
2616542	4180942
2617264	4327748
2618182	4327748
2721104	4253750
2617490	4181511
2617779	4181511
2618190	4258479
2614674	4347668
40664833	4062656
2721123	4145532
2721124	4145532
2720182	4030398
2720183	4030398
2720184	4030398
2720196	4030398
2720327	4030398
2720328	4030398
2617495	4139352
2617944	4139352
2720887	4139352
43533320	4132787
2617811	40489833
2617912	40489833
40664784	4056822
2617920	4207279
40660911	4207279
40663933	4151769
40664842	4151769
2617459	4064380
2616462	4232651
2719997	4305581
2719998	4305581
2719999	4305581
2720000	4305581
2720001	4305581
2720002	4305581
2720188	4305581
2720189	4305581
2720190	4305581
2720191	4305581
2720192	4305581
2720467	4227277
2617368	4106050
2721113	4106050
40664725	4040976
40664776	4040976
40664664	4040976
2618101	4040976
2618103	4040976
2618122	4040976
2618123	4040976
2618124	4040976
2618129	4040976
2618162	4040976
2618169	4040976
2618170	4040976
2615487	4097300
2617232	4218403
2617439	4174208
2617439	4120443
43533205	4330771
2616463	4003731
40664632	4311284
40664607	4311284
43533238	4212792
43533226	4212792
40658719	4209116
40661615	4209116
43533187	4106548
43533354	4106548
43533242	4106548
43533186	4233420
43533223	4233420
2615768	4042641
40664776	4181176
2721023	4045717
2617956	4298179
2615741	4078442
2615751	4078442
2615752	4078442
2615864	4078442
2720562	4078442
2720563	4078442
2617204	4062484
2617469	4240345
40659151	4287640
2618158	4063814
2721059	4298183
43533247	4184832
43533352	4184832
43533353	4184832
43533248	4184832
2719560	4173654
2719561	4173654
40664881	40484224
2618161	4083706
2618134	4307169
2615955	4146273
40664730	4303663
40664867	4303663
2617367	4168976
2617225	4238831
2617226	4238831
2617236	4238831
2617237	4238831
2617238	4238831
2617239	4238831
2617240	4238831
2617241	4238831
40664726	4064377
2617274	4336680
40664700	4196106
2618107	4283824
2618108	4283824
2618109	4283824
2618110	4283824
2618111	4283824
2618112	4283824
2618113	4283824
2617331	4269024
2721061	4067349
2617342	4032243
40664618	4041982
2617205	4254766
2721062	4254766
2721070	4308371
2719984	4242396
2719985	4242396
2719994	4242396
2720179	4052082
2720180	4052082
2720194	4052082
2720323	4052082
2720324	4052082
2720173	4116915
2720174	4116915
2720319	4116915
2720320	4116915
2617742	4130003
2617811	4130003
2617834	4130003
2617840	4130003
2617912	4130003
43533365	4130003
2618195	4145649
40660436	4254480
2618177	4258834
2721040	4187078
2721041	4187078
2721042	4163951
2617374	4210260
2617407	4210260
2615425	4056945
2617156	4249865
2720495	4194238
2617254	4304552
2615488	4042005
2617204	4188188
2721065	4188188
40664723	4327634
40664741	4150737
2617384	4132152
2720585	4170304
2616461	4144881
40658347	4307376
2721118	4194962
2616498	4084181
43533188	4170914
2618197	4194550
2617331	4307024
40664730	4307024
40664867	4307024
2617473	4338366
2617474	4338366
2617475	4338366
2617332	4295201
2721043	4295201
2720493	4223373
2720880	4174669
2720893	4174669
2721025	4196362
2617220	4062495
2617221	4062495
2617256	4141971
40664503	4295028
40664527	4295028
40662352	4303556
2617477	4296166
2617478	4296166
2721063	4306780
2721064	4306780
2721065	4306780
2721113	4106261
2721089	4203782
2618192	4214406
2721066	4296936
2721101	4168988
40664693	4120120
40664745	4120120
40664909	4120120
2617179	4040839
2719986	4142529
2719996	4142529
2617269	4246074
2617466	4246074
2617467	4246074
2617468	4246074
40659816	4246074
40661402	4246074
2721040	4246074
2721041	4246074
2617247	4296804
40664502	4061058
2617413	4294927
2721013	4274958
2721111	4274159
2617177	4313306
2720542	4269838
2720547	4269838
2721129	4213465
40664544	4217349
40664514	4217349
40664544	4105895
40664514	4105895
2721143	4190804
2616465	4287856
2617354	4287856
2721116	4314806
43533251	4098799
2615434	4227418
2615435	4227418
2719978	4215400
2719979	4215400
2719990	4215400
40664738	4215400
2720572	4058332
2617418	4251314
2721102	4219551
2721141	4219551
2721072	4208212
2721037	4196581
2721038	4196581
2721039	4196581
2721091	4070879
2721119	40492510
2720491	4246611
43533344	42710010
43533322	42710010
43533323	42710010
43533272	42710010
43533345	42710010
43533346	42710010
2616247	4083230
2616249	4082984
2616250	4082984
2616252	4082984
2616253	4082984
2616248	4201225
2616251	4201225
2616256	4246485
2616254	4202274
2616255	4202274
2616262	4097527
40664541	4082839
40664564	4086399
2615781	4047393
2617291	4324693
2617293	4324693
2617564	4324693
2618081	4324693
2618082	4324693
2720396	4090026
2617440	4233312
2618087	4160058
2618088	4160058
2618089	4160058
2720711	4160058
2721012	4115153
2617490	4082382
2719403	4082382
40658347	4088217
40658748	4088217
2618133	4262027
2618196	4193001
2618130	4193397
2618131	4305724
2618145	4305724
2618161	4305724
2618180	4305724
2618181	4305724
2618193	4305724
2618197	4305724
2618199	4307320
2721131	4168831
2721132	4168831
2721133	4168831
2721134	4168831
2721135	4168831
2720431	4107096
43533293	4032250
2720873	4034302
2616257	4170249
2616258	4170249
2616260	4304250
2616261	4304250
2616245	4304243
2616246	4304243
2616259	4010415
2720508	4017897
2617483	4343108
2617484	4343108
2617485	4343108
2617486	4343108
2617204	4048727
2617808	4225119
43533333	4138306
43533334	4138306
43533321	4124017
2721448	4309371
2617481	43531109
2617482	43531109
2617419	4314251
2721110	4323283
2720315	4010247
2720316	4010247
2720317	4010247
2720318	4010247
2721067	4078461
2721068	4078461
2719957	4030855
2617532	4310033
2617911	4021323
40664906	4134575
43533360	4297090
2618127	4144684
2615307	4133850
2615741	4190630
2615751	4190630
43533247	43531439
43533352	43531439
43533353	43531439
43533248	43531439
2617369	43531439
2617370	43531439
2617462	4010190
2617461	4139362
40664718	4024749
2617337	4166551
2721073	4265743
2721074	4265743
2615419	4041257
2721029	4041257
2720584	4013625
2617178	4029985
43533367	4041848
43533325	4041848
43533181	4041848
40664755	4039922
40664769	4039922
2617304	4201352
2617251	4083105
2617320	4083105
2720567	42872445
2720569	42872445
2720586	4092351
2719997	4022559
2719998	4022559
2719999	4022559
2720000	4022559
2720001	4022559
2720002	4022559
2720188	4022559
2720189	4022559
2720190	4022559
2720191	4022559
2720192	4022559
2618153	4176966
2618150	4112701
2618151	4112701
2618152	4112701
2618155	4112701
2618154	4172038
40664606	4072692
2615951	4203582
2719510	4180941
2719511	4180941
2719512	4180941
2617808	4042650
2720492	4215832
2719535	4038877
2617334	4259570
2719823	4208804
2719824	4208804
2719825	4208804
2719826	4208804
2719827	4208804
2616499	4087225
2618163	4032377
40661971	4035793
2721093	4123634
2721095	4123634
2617479	4286345
43533254	4172861
43533276	4172861
43533265	4172861
2614681	4138520
2617984	4142605
2617989	4142605
2618125	4220460
40664618	4305743
40664883	4139566
40664815	4139566
2618190	4072499
2618159	4180248
2615768	4042150
2617353	4146436
2721091	4337613
2721071	4147691
2614917	4297706
2614947	4297706
2719401	4297706
2719967	4297706
2720091	4297706
2720092	4297706
2720093	4297706
2720628	4297706
2720898	4297706
2720899	4297706
2617383	4051666
2617322	4039916
2617323	4039916
2617324	4039916
43533353	4337739
43533248	4337739
2617207	4152046
2617208	4152046
2617209	4152046
2617222	4152046
2617223	4152046
2617224	4152046
2617406	4152046
2617289	4077697
2618081	4077697
2720685	4322551
2617184	4040728
40664679	4263386
43533360	4298296
2720710	4205590
40664675	4016390
2617466	4030173
2617467	4030173
2617468	4030173
2617801	4259495
2617246	4083136
2618167	4084189
2618168	4084189
2617476	4259483
2721126	4208341
2720562	4070456
2720563	4070456
2617416	4021989
2617464	4254232
2617465	4254232
2618104	4254232
2618105	4254232
2618106	4254232
2618107	4254232
2618108	4254232
2618109	4254232
2618110	4254232
2618111	4254232
2618112	4254232
2618113	4254232
2618114	4254232
2618115	4254232
2618119	4254232
2618125	4254232
2618126	4254232
2618127	4254232
2618128	4254232
2618146	4254232
2618149	4254232
2618185	4254232
2618186	4254232
2618194	4254232
2617464	4248979
2617465	4248979
2618100	4248979
2618121	4248980
40664833	4188559
40664513	4174401
40664474	4174401
40664586	4174401
40664492	4174401
2617852	4174401
2615411	4024607
2617269	4024607
2617372	4301351
2617373	4301351
40663506	40489429
40663507	40489429
40659402	40489429
2721146	4297250
2721148	4297250
2721149	4297250
2721150	4297250
2617365	4059953
2617366	4059953
40661615	4198096
2616269	4019824
2616268	43021423
2615752	40489873
2615864	40489873
2721092	4322471
2721088	4300185
2721110	4193904
2617418	4027241
2617419	4027241
2721092	4266668
2721090	4178637
2721087	4207040
2616272	4335825
2616270	4335825
2616271	4335825
2616263	43021737
2616264	43021737
2616265	4199240
2616266	4199240
2617780	4321704
2617781	4321704
2721108	4136166
2616267	40479237
2721087	4076862
2721141	4266016
40664802	4169111
40664803	4169111
2721102	4180122
40664571	4082989
40664460	4082989
40664521	4082989
40664435	4082989
40664425	4149466
2617982	4280818
2617983	4280818
2616844	40479254
43533177	4021323
2617584	4336464
2720016	4142529
2720015	4142529
2617355	4298279
2617356	4298279
2721020	4191378
2721019	4191378
2721151	40490519
2721237	4199599
2720875	4239130
2720877	4239130
2720876	4239130
2617360	4194957
2721437	4021315
2721667	4126965
2721668	4126965
2721442	4301463
2721622	4301463
2721625	4301463
2721626	4301463
2721461	4173786
2721745	4170305
2721414	4132648
2721345	4232651
2721152	4085220
2721246	4272937
2721913	4236482
2721977	4236482
2721232	4239245
2721348	4098782
2721152	4272960
2721638	4298179
2721639	4298179
2721915	4021510
2721409	4024347
2721154	4277583
2721155	4277583
2721647	4331898
2721648	4331898
2721171	4178014
2721429	4036566
2721357	4300757
2721153	40489502
2721549	4083706
2721550	4083706
2721158	4201395
2721159	4030312
2721435	4261028
2721177	4295031
2721540	4108499
2721450	4295054
2721451	4295054
2721462	4295054
2721538	4295054
2721539	4295054
2721540	4295054
2721538	4263540
2721174	4344625
2721424	4099175
2721541	4041982
2721441	4085819
2721539	4085819
2721643	4085819
2721640	4254480
2721753	4254480
2721420	4181917
2721309	4249865
2721156	4105083
2721483	4042005
2721484	4042005
2721485	4042005
2721486	4042005
2721650	4021194
2721426	4306113
2721456	4175287
2721457	4175287
2721459	4175287
2721460	4175287
2721461	4175287
2721462	4175287
2721159	4083391
2721170	4339615
2721628	4207916
2721748	4149126
2721649	4028920
2721915	4183058
2721754	4307024
2721238	4127104
2721746	4269171
2721671	4043220
2721672	4043220
2721673	4043220
2721674	4043220
2721675	4043220
2721676	4043220
2721529	4214406
2721915	4129665
2721914	4296936
2721977	4030175
2721479	4120120
2721412	4046461
2721283	4246074
2721284	4246074
2721315	4246074
2721316	4246074
2721325	4246074
2721326	4246074
2721418	4246074
2721437	4246074
2721438	4246074
2721441	4246074
2721456	4246074
2721457	4246074
2721459	4246074
2721460	4246074
2721461	4246074
2721462	4246074
2721479	4246074
2721482	4246074
2721483	4246074
2721484	4246074
2721485	4246074
2721486	4246074
2721504	4246074
2721567	4246074
2721584	4246074
2721643	4246074
2721437	4259432
2721438	4259432
2721460	4064925
2721169	4295635
2721283	4269838
2721284	4269838
2721254	4138741
2721174	4040252
2721347	4194588
2721346	4013636
2721349	4013636
2721258	4001217
2721423	4058518
2721454	4299235
2721605	4160058
2721317	4259478
2721549	4305724
2721550	4305724
2721251	4342509
2721916	40486004
2721415	4233623
2721157	4010253
2721415	4035735
2721623	4027467
2721443	4321906
2721652	4321906
2721653	4321906
2721877	4049310
2721168	4347413
2721172	4304009
2721906	4216856
2721435	4311038
2721453	4263508
2721547	4155973
2721258	4247007
2721530	4151485
2721531	4151485
2721365	4269009
2721161	4329110
2721563	4332170
2721482	4324124
2721438	4151902
2721693	4172515
2721694	4172515
2721547	4084686
2721917	4163403
2721416	4238738
2721449	4238738
2721543	4035793
2721351	4059385
2721748	4313451
2721875	4294516
2721173	4141806
2721167	4012461
2721315	4203780
2721316	4203780
2721981	4197890
2721645	4063579
2721979	4063579
2721980	4063579
2721352	4045947
2721355	4328154
2721431	4293153
2721446	4259483
2721447	4201412
2721537	4257838
2721628	4210149
2721629	4210149
2721231	4099523
2617263	4191378
43533372	43021425
2721240	4199599
43533311	4059953
2721325	4231886
2721326	4231886
2721567	4024656
2721352	4189517
2721423	4037672
2721418	4160022
2721546	4051782
2721533	4251734
2721318	4259489
2721239	4127105
2617538	4140740
2617415	4021989
2617231	4309371
